m	h	m^h-1		exceso		log2(m)	pasos
-------------------------------------------------------
3	15	14,348,906	6,996,906	2	30
4	12	16,777,215	9,425,215	2	24
5	10	9,765,624	2,413,624	3	30
6	9	10,077,695	2,725,695	3	27
7	9	40,353,606	33,001,606	3	27
8	8	16,777,215	9,425,215	3	24
9	8	43,046,720	35,694,720	4	32
10	7	9,999,999	2,647,999	4	28
11	7	19,487,170	12,135,170	4	28
12	7	35,831,807	28,479,807	4	28
13	7	62,748,516	55,396,516	4	28
14	6	7,529,535	177,535	4	24
15	6	11,390,624	4,038,624	4	24
16	6	16,777,215	9,425,215	4	24
17	6	24,137,568	16,785,568	5	30
18	6	34,012,223	26,660,223	5	30
19	6	47,045,880	39,693,880	5	30
20	6	63,999,999	56,647,999	5	30
21	6	85,766,120	78,414,120	5	30
22	6	113,379,903	106,027,903	5	30
23	6	148,035,888	140,683,888	5	30
24	5	7,962,623	610,623	5	25
25	5	9,765,624	2,413,624	5	25
26	5	11,881,375	4,529,375	5	25
27	5	14,348,906	6,996,906	5	25
28	5	17,210,367	9,858,367	5	25
29	5	20,511,148	13,159,148	5	25
30	5	24,299,999	16,947,999	5	25
31	5	28,629,150	21,277,150	5	25
32	5	33,554,431	26,202,431	5	25
33	5	39,135,392	31,783,392	6	30
34	5	45,435,423	38,083,423	6	30
35	5	52,521,874	45,169,874	6	30
36	5	60,466,175	53,114,175	6	30
37	5	69,343,956	61,991,956	6	30
38	5	79,235,167	71,883,167	6	30
39	5	90,224,198	82,872,198	6	30
40	5	102,399,999	95,047,999	6	30
41	5	115,856,200	108,504,200	6	30
42	5	130,691,231	123,339,231	6	30
43	5	147,008,442	139,656,442	6	30
44	5	164,916,223	157,564,223	6	30
45	5	184,528,124	177,176,124	6	30
46	5	205,962,975	198,610,975	6	30
47	5	229,345,006	221,993,006	6	30
48	5	254,803,967	247,451,967	6	30
49	5	282,475,248	275,123,248	6	30
50	5	312,499,999	305,147,999	6	30

=======================================================
MEJOR RESULTADO (menor exceso)
  m      = 14
  h      = 6
  m^h-1  = 7,529,535
  exceso = 177,535
  pasos  = 24  (h × ceil(log2(m)))
  obj    = 7,352,000
